1 25 28 30 66 67 68 71 79 84 93 98 99
2 4 7 17 19 21 31 34 50 52 65 66 67 68 71 79 80 99
3 36 38 41 44 50 60 88 91 100
4 2 9 12 15 21 29 40 53 77
5 29 31 33 45 61 78 88
6 10 17 18 25 36 38 44 57 69 72 74 81 85 100
7 2 9 14 34 45 47 60 63 68 86 91 98
8 18 20 23 48 56 59 62 85 95
9 4 7 17 28 39 48 54 84 97 98 100
10 6 12 13 14 48 65 91 100
11 24 38 42 46 55 63 74 77 100
12 4 10 20 29 41 44 48 66 75 77 78 99
13 10 28 30 33 61 68 76 85 89 93 95
14 7 10 22 38 51 83 86 92
15 4 26 40 70 74 84 90 92
16 21 32 40 46 57 65 67 73 77 82
17 2 6 9 64 68 73 76 89 90 99
18 6 8 33 34 85 99
19 2 26 34 65 67 72 74 84 95
20 8 12 27 39 40 44 47 48 86 87 89 92 95 96 99
21 2 4 16 24 29 48 71 75 87
22 14 53 71 74 83 88 89 91 93
23 8 28 32 43 46 59 61 64 74 99
24 11 21 28 34 41 57 70 73 78 79 80
25 1 6 37 38 44 49 67 71 75 99
26 15 19 31 57 67 76 91 97
27 20 62 64 87 95
28 1 9 13 23 24 44 54 55 65 72 78 82 100
29 4 5 12 21 40 45 62 69 75 80 95
30 1 13 32 38 43 61 79 81 96 97
31 2 5 26 34 40 58 60 61 63 68
32 16 23 30 34 49 56 59 64
33 5 13 18 38 42 69 76 81 85 93
34 2 7 18 19 24 31 32 50 52 56 58 61 65 68 98
35 45 53 62 66 68 79
36 3 6 51 54 63 77 95 96 100
37 25 45 54 58 80 96
38 3 6 11 14 25 30 33 68 82 83 90 95
39 9 20 57 69 77 81 97
40 4 15 16 20 29 31 44 57 59 67 93 99
41 3 12 24 45 49 63 79 86 92 95 99
42 11 33 77 78 88
43 23 30 56 58 60 82 87 90 91
44 3 6 12 20 25 28 40 46 53 67 69 99
45 5 7 29 35 37 41 85
46 11 16 23 44 49 59 72 88 93 97
47 7 20 65 74 78 80 82 83
48 8 9 10 12 20 21 53 58 70 71 72 100
49 25 32 41 46 56 60 67 77 87 89
50 2 3 34 60 71 76 77
51 14 36 56 76 85 91 100
52 2 34 74 78 98
53 4 22 35 44 48 54 55 56 61 84 89 93
54 9 28 36 37 53 63 87 98
55 11 28 53 72 73 81 97
56 8 32 34 43 49 51 53 67 73 75 89 94
57 6 16 24 26 39 40 67 68 69 71 93
58 31 34 37 43 48 65 98
59 8 23 32 40 46 75 76 86 97 100
60 3 7 31 43 49 50 61 80 87
61 5 13 23 30 31 34 53 60 62 69 78 89 91
62 8 27 29 35 61
63 7 11 31 36 41 54 68 74 75 79 85 91 94
64 17 23 27 32
65 2 10 16 19 28 34 47 58 71 100
66 1 2 12 35 86 90 99
67 1 2 16 19 25 26 40 44 49 56 57 73 83 88 89
68 1 2 7 13 17 31 34 35 38 57 63 87 91 95
69 6 29 33 39 44 57 61 72 82 90
70 15 24 48 77 82 93 100
71 1 2 21 22 25 48 50 57 65 72 85
72 6 19 28 46 48 55 69 71 77
73 16 17 24 55 56 67 76 88 92 96
74 6 11 15 19 22 23 47 52 63 77 84 94
75 12 21 25 29 56 59 63
76 13 17 26 33 50 51 59 73 82
77 4 11 12 16 36 39 42 49 50 70 72 74 87
78 5 12 24 28 42 47 52 61 86 91
79 1 2 24 30 35 41 63 80 82 90 95
80 2 24 29 37 47 60 79 83 85 86 96 97
81 6 30 33 39 55 88
82 16 28 38 43 47 69 70 76 79 85
83 14 22 38 47 67 80 89 92 94
84 1 9 15 19 53 74 85 88
85 6 8 13 18 33 45 51 63 71 80 82 84 92 93 100
86 7 14 20 41 59 66 78 80 93
87 20 21 27 43 49 54 60 68 77 88 89
88 3 5 22 42 46 67 73 81 84 87 91
89 13 17 20 22 49 53 56 61 67 83 87 92 95 97
90 15 17 38 43 66 69 79 97
91 3 7 10 22 26 43 51 61 63 68 78 88 93 97 98
92 14 15 20 41 73 83 85 89 95
93 1 13 22 33 40 46 53 57 70 85 86 91 94
94 56 63 74 83 93
95 8 13 19 20 27 29 36 38 41 68 79 89 92 99
96 20 30 36 37 73 80
97 9 26 30 39 46 55 59 80 89 90 91 100
98 1 7 9 34 52 54 58 91 100
99 1 2 12 17 18 20 23 25 40 41 44 66 95
100 3 6 9 10 11 28 36 48 51 59 65 70 85 97 98