1 10 17 20 21 22 25 26 27 28 31 33 34 64 69 72 73 82 95
2 6 9 11 20 25 38 45 50 51 53 55 66 67 68 72 75 77 80 84 94
3 14 15 16 23 27 28 35 39 47 52 60 62 63 65 67 70 83
4 14 19 20 21 24 27 28 30 38 42 48 66 69 70 72 78 82 90 99
5 10 14 15 26 36 37 42 49 50 54 57 58 67 68 74 78 82 89 92 98
6 2 12 19 25 26 36 37 41 43 53 61 64 66 77 78 81 82 84 85 90 96 97 99
7 9 10 11 14 18 19 21 28 30 36 46 47 56 62 80 81 85 89 97 100
8 14 26 30 33 34 38 39 42 45 47 53 54 56 59 65 66 69 71 73 81 82 83 90 93 96 97
9 2 7 19 21 37 40 43 46 53 58 77 80 82 86 88 96
10 1 5 7 12 13 29 41 42 43 52 54 55 60 61 62 64 87 88 91 92 93
11 2 7 13 22 24 28 39 43 53 54 56 57 64 65 67 74 80 87 98
12 6 10 28 32 38 43 86 95
13 10 11 17 18 32 35 37 38 48 54 55 60 62 73 79 81 97
14 3 4 5 7 8 20 23 26 29 33 41 44 47 49 54 58 62 70 72 81 84 85 90 91
15 3 5 18 21 22 26 32 36 41 42 46 47 51 56 62 66 74 78 82 89 96 99
16 3 19 21 26 27 30 37 41 44 48 55 64 68 72 77 94 96 98
17 1 13 24 27 31 33 34 41 44 46 56 63 73 75 76 80 89 90 91
18 7 13 15 24 34 35 43 44 49 61 67 73 86 91 93 99
19 4 6 7 9 16 32 37 39 40 42 47 49 52 59 62 65 67 74 78 83 86
20 1 2 4 14 25 28 31 34 39 42 46 52 56 58 59 64 65 67 68 69 74 84 87 90 92 96
21 1 4 7 9 15 16 22 35 49 51 56 63 73 77 83 88
22 1 11 15 21 23 30 33 35 36 47 49 50 57 60 66 67 70 72 73 78 80 95
23 3 14 22 25 28 29 31 35 42 44 48 56 61 62 67 72 74 81 94
24 4 11 17 18 28 42 43 46 47 50 58 59 63 70 80 87 90 92 99
25 1 2 6 20 23 28 31 32 37 41 46 54 58 64 65 71 74 77 85 97 100
26 1 5 6 8 14 15 16 28 29 33 35 36 40 41 47 50 60 63 70 76 78 81 83 85 87 92 95
27 1 3 4 16 17 29 38 44 46 49 51 55 60 64 65 68 82 89
28 1 3 4 7 11 12 20 23 24 25 26 34 43 44 45 46 51 52 53 54 55 56 57 63 65 68 69 74 83 86 90 99
29 10 14 23 26 27 33 35 40 41 44 46 48 56 57 70 77 83 86 90 91 96 99
30 4 7 8 16 22 34 44 52 61 64 71 77 79 83 87 88 93 94 95 96 97
31 1 17 20 23 25 46 47 52 64 68 69 72 77 81 85 89 93
32 12 13 15 19 25 34 39 46 54 60 63 64 65 70 72 76 78 79 93 95
33 1 8 14 17 22 26 29 36 38 43 47 52 53 64 65 66 67 68 70 72 76 82 85 91 98
34 1 8 17 18 20 28 30 32 38 48 54 55 61 65 69 71 72 79 87 90 92 94 95 96
35 3 13 18 21 22 23 26 29 42 50 54 56 59 61 68 74 83 90 92 95
36 5 6 7 15 22 26 33 39 40 41 42 46 49 68 75 92 94 98
37 5 6 9 13 16 19 25 38 42 49 59 60 62 83 90 96 99
38 2 4 8 12 13 27 33 34 37 40 46 47 50 63 64 70 72 77 80 82 92 93 98
39 3 8 11 19 20 32 36 41 44 50 53 62 64 72 73 74 93
40 9 19 26 29 36 38 44 72 82 85 92 96
41 6 10 14 15 16 17 25 26 29 36 39 46 49 51 55 56 58 62 65 66 67 73 79 87 89 91 95 96 100
42 4 5 8 10 15 19 20 23 24 35 36 37 44 51 64 65 85 93 98 100
43 6 9 10 11 12 18 24 28 33 48 50 53 57 58 65 66 75 80
44 14 16 17 18 23 27 28 29 30 39 40 42 48 51 63 66 73 75 76 79 82 100
45 2 8 28 46 47 49 51 52 61 67 69 78 83 86 90
46 7 9 15 17 20 24 25 27 28 29 31 32 36 38 41 45 47 51 58 62 63 68 71 78 83 84 88 90 98
47 3 7 8 14 15 19 22 24 26 31 33 38 45 46 48 50 51 59 65 79 81 87 91 97
48 4 13 16 23 29 34 43 44 47 51 52 57 58 63 69 71 83 90
49 5 14 18 19 21 22 27 36 37 41 45 51 55 62 63 64 76 80 84 88 95
50 2 5 22 24 26 35 38 39 43 47 51 53 57 59 73 76 87 97 98
51 2 15 21 27 28 41 42 44 45 46 47 48 49 50 60 62 63 68 70 73 74 83 85 98
52 3 10 19 20 28 30 31 33 45 48 63 72 83 90 93
53 2 6 8 9 11 28 33 39 43 50 59 62 64 70 71 72 83 86 97
54 5 8 10 11 13 14 25 28 32 34 35 56 58 61 69 75 79 80 82 86 92 96 97
55 2 10 13 16 27 28 34 41 49 58 62 71 72 75
56 7 8 11 15 17 20 21 23 28 29 35 41 54 57 58 60 70 78 80 83
57 5 11 22 28 29 43 48 50 56 59 62 75 79 84 92 93 95 96
58 5 9 14 20 24 25 41 43 46 48 54 55 56 59 70 72 76 82 84 85 93 99
59 8 19 20 24 35 37 47 50 53 57 58 60 67 68 74 76 82 84 88 90 95 97 99
60 3 10 13 22 26 27 32 37 51 56 59 73 75 79 85 89 98 100
61 6 10 18 23 30 34 35 45 54 76 79 81 82 83 92 97 98
62 3 7 10 13 14 15 19 23 37 39 41 46 49 51 53 55 57 65 72 75 77 78 88 94 100
63 3 17 21 24 26 28 32 38 44 46 48 49 51 52 64 67 70 72 75 79 82 87 88 90 91 99
64 1 6 10 11 16 20 25 27 30 31 32 33 38 39 42 49 53 63 78 80 87 89 93 98 99
65 3 8 11 19 20 25 27 28 32 33 34 41 42 43 47 62 67 68 73 83 88 90 96 98 99 100
66 2 4 6 8 15 22 33 41 43 44 68 69 71 81 88
67 2 3 5 11 18 19 20 22 23 33 41 45 59 63 65 71 75 76 94
68 2 5 16 20 27 28 31 33 35 36 46 51 59 65 66 72 73 81 99
69 1 4 8 20 28 31 34 45 48 54 66 70 76 79 81 87 89
70 3 4 14 22 24 26 29 32 33 38 51 53 56 58 63 69 94 98
71 8 25 30 34 46 48 53 55 66 67 75 81 93
72 1 2 4 14 16 22 23 31 32 33 34 38 39 40 52 53 55 58 62 63 68 73 79 80 82 83 88 93
73 1 8 13 17 18 21 22 39 41 44 50 51 60 65 68 72 80 83 85 94 100
74 5 11 15 19 20 23 25 28 35 39 51 59 77 79 84 90 91 93 98
75 2 17 36 43 44 54 55 57 60 62 63 67 71 76 78 80 81 91 96 100
76 17 26 32 33 44 49 50 58 59 61 67 69 75 77 78 83 84 85 92 95
77 2 6 9 16 21 25 29 30 31 38 62 74 76 84 86 90
78 4 5 6 15 19 22 26 32 45 46 56 62 64 75 76 86 94 96 98 99
79 13 30 32 34 41 44 47 54 57 60 61 63 69 72 74 82 94 97
80 2 7 9 11 17 22 24 38 43 49 54 56 64 72 73 75 82 83 89 90 100
81 6 7 8 13 14 23 26 31 47 61 66 68 69 71 75 87 93 94 95
82 1 4 5 6 8 9 15 27 33 38 40 44 54 58 59 61 63 72 79 80 85 92 95
83 3 8 19 21 26 28 29 30 35 37 45 46 48 51 52 53 56 61 65 72 73 76 80 88
84 2 6 14 20 46 49 57 58 59 74 76 77 85 88 96 98
85 6 7 14 25 26 31 33 40 42 51 58 60 73 76 82 84
86 9 12 18 19 28 29 45 53 54 77 78 90
87 10 11 20 24 26 30 34 41 47 50 63 64 69 81 88 99 100
88 9 10 21 30 46 49 59 62 63 65 66 72 83 84 87 98
89 5 7 15 17 27 31 41 60 64 69 80 98
90 4 6 8 14 17 20 24 28 29 34 35 37 45 46 48 52 59 63 65 74 77 80 86 93 94
91 10 14 17 18 29 33 41 47 63 74 75
92 5 10 20 24 26 34 35 36 38 40 54 57 61 76 82
93 8 10 18 30 31 32 38 39 42 52 57 58 64 71 72 74 81 90 95
94 2 16 23 30 34 36 62 67 70 73 78 79 81 90
95 1 12 22 26 30 32 34 35 41 49 57 59 76 81 82 93 96 98
96 6 8 9 15 16 20 29 30 34 37 40 41 54 57 65 75 78 84 95 97
97 6 7 8 13 25 30 47 50 53 54 59 61 79 96
98 5 11 16 33 36 38 42 46 50 51 60 61 64 65 70 74 78 84 88 89 95
99 4 6 15 18 24 28 29 37 58 59 63 64 65 68 78 87
100 7 25 41 42 44 60 62 65 73 75 80 87