1 3 4 5 7 8 13 14 19 23 26 29 31 32 34 39 41 43 44 45 46 47 48 51 53 54 55 58 63 66 69 71 76 77 78 80 82 86 88 90 96 97 99
2 4 7 10 14 15 19 22 24 25 27 28 29 32 34 40 41 45 49 53 54 55 56 57 58 59 61 64 65 67 69 75 76 78 80 85 92 95 96 97 98 99 100
3 1 4 5 10 11 14 15 17 20 22 23 24 26 30 31 32 33 35 41 45 47 51 53 56 57 59 60 61 63 64 66 68 69 72 73 76 77 78 84 85 87 89 94 96 97
4 1 2 3 6 7 9 13 15 22 25 26 27 30 31 33 35 38 39 43 44 46 47 52 56 58 63 64 65 70 71 73 76 77 79 84 88 89 97
5 1 3 9 14 15 16 20 22 28 29 30 32 34 35 37 38 39 42 43 50 53 56 59 60 65 66 67 70 73 79 81 84 87 88 91 92 95 96 99
6 4 7 8 15 18 19 28 29 30 34 36 37 42 43 48 49 50 54 55 57 58 61 63 64 66 67 69 71 75 76 77 78 79 81 82 83 86 95
7 1 2 4 6 9 10 11 15 16 18 22 29 35 36 38 39 41 42 44 45 46 54 56 60 61 64 65 66 68 70 71 72 73 78 81 87 88 91 96 98 100
8 1 6 13 15 16 17 18 25 28 29 30 31 36 37 39 40 43 48 49 50 52 53 56 58 59 60 63 74 80 83 86 87 88 89 91 93 94 95 98 100
9 4 5 7 13 15 18 20 24 27 29 35 39 40 41 43 44 46 48 49 52 53 54 55 57 58 62 66 68 69 70 71 75 76 81 82 83 86 88 94 95 96 98
10 2 3 7 14 16 18 21 22 24 26 28 34 35 36 37 39 40 45 46 49 50 53 55 58 61 63 66 68 69 71 74 77 78 80 82 89 90 92 94 95 96 98
11 3 7 13 18 20 21 22 23 26 27 29 30 42 43 44 51 53 55 58 62 63 64 69 70 73 76 79 80 89 91 92 94 95 96 98 99
12 15 16 17 20 21 24 28 29 30 37 38 41 42 50 53 60 61 70 71 73 74 80 82 85 89 90 91 93 97 99
13 1 4 8 9 11 17 20 28 34 38 39 40 48 54 55 58 59 62 65 66 68 77 79 83 86 87 88 89 91 99 100
14 1 2 3 5 10 16 17 26 28 29 33 35 37 39 41 44 48 54 56 60 61 62 63 66 67 68 70 72 75 76 77 81 83 85 89 94 96
15 2 3 4 5 6 7 8 9 12 16 18 20 23 24 26 27 28 29 30 31 32 33 34 35 36 41 42 43 47 50 53 55 56 57 59 61 62 65 72 73 76 77 81 83 84 85 87 88 89 92 93 97 99
16 5 7 8 10 12 14 15 21 23 29 32 38 39 40 43 45 47 50 53 54 57 58 59 60 62 63 64 65 72 74 75 83 86 89 90 92 95 98
17 3 8 12 13 14 19 23 25 33 35 37 40 44 48 49 53 54 59 60 63 64 65 69 74 76 77 82 84 85 87 88 90 95 96
18 6 7 8 9 10 11 15 19 21 22 23 28 30 32 37 38 43 44 45 46 49 52 53 54 58 61 62 64 66 67 68 69 74 76 78 80 81 83 85 87 90 95 96 97 100
19 1 2 6 17 18 20 21 25 26 30 34 35 36 40 47 54 55 56 57 58 59 60 61 62 66 70 74 75 77 78 80 82 83 84 86 90 91 92 95 96 97 99
20 3 5 9 11 12 13 15 19 22 23 25 28 31 32 33 34 35 36 38 42 45 46 47 49 50 53 55 56 57 59 60 61 62 64 66 68 69 75 76 78 79 83 86 87 88 94 97
21 10 11 12 16 18 19 27 28 29 30 31 32 36 38 40 41 42 44 46 47 50 53 54 60 63 65 69 72 73 75 76 77 78 82 91 92 96 97
22 2 3 4 5 7 10 11 18 20 24 27 28 29 30 34 35 36 38 41 42 44 52 62 63 64 65 66 68 69 71 76 80 84 88 89 95 97 99 100
23 1 3 11 15 16 17 18 20 25 26 28 33 34 38 44 45 49 50 51 56 57 58 59 60 61 62 63 65 66 68 74 77 78 83 88 89 91 94 96 97 98
24 2 3 9 10 12 15 22 26 33 35 37 38 39 41 44 46 47 50 52 53 55 61 63 66 67 70 77 80 82 83 85 86 89 97 100
25 2 4 8 17 19 20 23 26 38 44 48 54 55 59 61 64 66 67 71 72 76 78 83 88 89 94 96 97 99
26 1 3 4 10 11 14 15 19 23 24 25 27 32 34 38 44 45 47 51 52 55 59 60 62 63 64 70 71 73 75 78 81 83 92 97 98 100
27 2 4 9 11 15 21 22 26 30 31 32 36 38 48 50 54 57 60 62 63 64 65 66 67 68 69 70 75 77 79 80 81 86 93 95 96 99
28 2 5 6 8 10 12 13 14 15 18 20 21 22 23 32 33 36 39 41 44 49 53 54 61 63 64 65 67 68 69 70 74 76 77 79 81 86 88 89 90 92 94 97 98 100
29 1 2 5 6 7 8 9 11 12 14 15 16 21 22 32 35 36 37 41 42 44 46 47 49 50 52 54 56 57 62 63 65 68 69 70 72 74 76 78 79 86 87 89 91 92 94
30 3 4 5 6 8 11 12 15 18 19 21 22 27 32 35 37 39 40 49 51 53 57 60 61 65 67 69 72 75 82 83 86 87 88 95 98 100
31 1 3 4 8 15 20 21 27 32 33 36 37 41 47 49 51 52 53 54 56 59 61 62 66 67 68 69 72 74 75 77 78 79 82 85 86 88 92 94 95 97 98 99
32 1 2 3 5 15 16 18 20 21 26 27 28 29 30 31 40 41 42 44 45 46 49 50 59 60 61 64 67 69 70 73 75 76 80 82 84 85 86 87 88 89 92 93 96
33 3 4 14 15 17 20 23 24 28 31 36 38 43 47 48 52 57 58 62 63 66 70 73 74 75 83 84 85 87 90 91 92 93 95 100
34 1 2 5 6 10 13 15 19 20 22 23 26 36 38 39 40 41 44 48 53 54 56 60 63 64 67 68 69 74 78 79 82 84 86 90 91 92 93 97 98 99
35 3 4 5 7 9 10 14 15 17 19 20 22 24 29 30 39 42 45 50 53 58 61 63 64 67 68 71 72 75 79 85 86 89 91 93 94 98 99 100
36 6 7 8 10 15 19 20 21 22 27 28 29 31 33 34 38 40 41 46 48 51 52 55 58 60 61 62 63 65 67 70 72 73 74 84 85 89 91 93 94 95 97 98 99 100
37 5 6 8 10 12 14 17 18 24 29 30 31 38 41 43 45 47 49 55 56 57 58 61 65 67 68 70 71 78 79 82 90 91 93 94 96 98
38 4 5 7 12 13 16 18 20 21 22 23 24 25 26 27 33 34 36 37 40 41 43 44 46 47 48 49 51 55 57 58 60 65 68 70 71 73 78 80 81 82 84 86 87 97
39 1 4 5 7 8 9 10 13 14 16 24 28 30 34 35 40 43 44 45 50 51 52 53 59 61 62 69 71 72 74 76 78 81 86 88 92 93 96 97 98 99 100
40 2 8 9 10 13 16 17 19 21 30 32 34 36 38 39 42 44 46 48 50 52 53 54 56 57 58 59 62 67 68 69 71 73 74 77 79 80 81 82 83 84 85 86 89 91 93
41 1 2 3 7 9 12 14 15 21 22 24 28 29 31 32 34 36 37 38 43 45 48 51 52 53 55 56 57 58 60 64 67 70 74 79 80 81 85 88 89 91 96 97 100
42 5 6 7 11 12 15 20 21 22 29 32 35 40 44 45 46 50 51 52 53 54 56 62 63 69 71 73 74 77 80 81 82 83 85 88 90 94 95 99
43 1 4 5 6 8 9 11 15 16 18 33 37 38 39 41 45 49 52 56 57 60 65 71 74 76 79 80 81 82 86 88 91 96 100
44 1 4 7 9 11 14 17 18 21 22 23 24 25 26 28 29 32 34 38 39 40 42 45 47 48 51 53 54 56 58 61 64 65 66 67 69 70 71 73 75 76 77 78 79 81 83 88 90 92 93 99
45 1 2 3 7 10 16 18 20 23 26 32 35 37 39 41 42 43 44 46 50 53 54 56 60 62 66 69 70 71 77 78 83 87 89 92 93 95 96 98 100
46 1 4 7 9 10 18 20 21 24 29 32 36 38 40 42 45 47 48 49 61 63 64 68 71 72 73 74 75 79 84 89 94 95 97 98 99 100
47 1 3 4 15 16 19 20 21 24 26 29 31 33 37 38 44 46 51 57 61 64 67 68 71 72 74 80 82 84 85 93 94 100
48 1 6 8 9 13 14 17 25 27 33 34 36 38 40 41 44 46 49 53 54 56 57 60 62 63 66 67 68 70 73 75 76 81 82 84 87 95 97 98 99
49 2 6 8 9 10 17 18 20 23 28 29 30 31 32 37 38 43 46 48 52 56 57 59 61 66 67 69 70 74 75 76 77 80 81 84 85 86 90 95 97 99
50 5 6 8 10 12 15 16 20 21 23 24 27 29 32 35 39 40 42 45 51 52 53 54 55 57 61 62 63 66 68 77 78 80 81 83 88 89 90 91 94 95 96 99
51 1 3 11 23 26 30 31 36 38 39 41 42 44 47 50 52 54 55 56 57 68 71 72 76 79 80 86 92 94 95 99
52 4 8 9 18 22 24 26 29 31 33 36 39 40 41 42 43 49 50 51 57 64 65 70 75 76 85 86 88 93 95 96
53 1 2 3 5 8 9 10 11 12 15 16 17 18 20 21 24 28 30 31 34 35 39 40 41 42 44 45 48 50 54 57 58 61 64 68 69 70 74 75 78 80 81 84 87 88 90 91 98 100
54 1 2 6 7 9 13 14 16 17 18 19 21 25 27 28 29 31 34 40 42 44 45 48 50 51 53 55 57 59 64 65 66 67 71 72 74 75 77 80 86 97
55 1 2 6 9 10 11 13 15 19 20 24 25 26 36 37 38 41 50 51 54 57 58 59 61 62 66 69 70 72 73 75 77 85 87 88 92 94 100
56 2 3 4 5 7 8 14 15 19 20 23 29 31 34 37 40 41 42 43 44 45 48 49 51 57 60 62 64 66 67 69 70 72 75 77 83 85 87 91 92 93 95 100
57 2 3 6 9 15 16 19 20 23 27 29 30 33 37 38 40 41 43 47 48 49 50 51 52 53 54 55 56 58 60 62 72 76 77 79 81 82 83 84 86 87 100
58 1 2 4 6 8 9 10 11 13 16 18 19 23 33 35 36 37 38 40 41 44 53 55 57 59 60 62 64 68 69 70 71 74 76 79 80 82 85 89 90 91 92 93 95 99 100
59 2 3 5 8 13 15 16 17 19 20 23 25 26 31 32 39 40 49 54 55 58 60 63 65 67 71 76 87 89 92 93 94 96 99
60 3 5 7 8 12 14 16 17 19 20 21 23 26 27 30 32 34 36 38 41 43 45 48 56 57 58 59 63 64 65 66 69 73 74 78 82 87 90 95 96
61 2 3 6 7 10 12 14 15 18 19 20 23 24 25 28 30 31 32 35 36 37 39 44 46 47 49 50 53 55 64 68 75 76 78 79 80 81 83 86 93 94 95 96 98 99 100
62 9 11 13 14 15 16 18 19 20 22 23 26 27 29 31 33 36 39 40 42 45 48 50 55 56 57 58 65 70 74 76 79 81 85 86 87 89 93 94 99 100
63 1 3 4 6 8 10 11 14 16 17 21 22 23 24 26 27 28 29 33 34 35 36 42 46 48 50 59 60 64 65 67 72 74 75 80 89 96
64 2 3 4 6 7 11 16 17 18 20 22 25 26 27 28 32 34 35 41 44 46 47 52 53 54 56 58 60 61 63 66 71 72 73 74 77 78 79 83 84 85 88 89 90 91 95 96 98 99 100
65 2 4 5 7 13 15 16 17 21 22 23 27 28 29 30 36 37 38 43 44 52 54 59 60 62 63 68 70 71 72 73 74 75 78 82 86 88 89 90 91 96 100
66 1 3 5 6 7 9 10 13 14 18 19 20 22 23 24 25 27 31 33 44 45 48 49 50 54 55 56 60 64 68 69 71 73 79 80 81 84 85 91 95 97 98
67 2 5 6 14 18 24 25 27 28 30 31 32 34 35 36 37 40 41 44 47 48 49 54 56 59 63 68 71 72 76 77 78 79 80 83 85 86 89 93 94 99 100
68 3 7 9 10 13 14 18 20 22 23 27 28 29 31 34 35 37 38 40 46 47 48 50 51 53 58 61 65 66 67 69 72 75 78 80 83 85 91 94 96 100
69 1 2 3 6 9 10 11 17 18 20 21 22 27 28 29 30 31 32 34 39 40 42 44 45 49 53 55 56 58 60 66 68 70 72 73 74 76 79 85 91 92 93 94 97 98 99 100
70 4 5 7 9 11 12 14 19 24 26 27 28 29 32 33 36 37 38 41 44 45 48 49 52 53 55 56 58 62 65 69 72 76 78 79 81 83 85 87 89 90 93 97 98
71 1 4 6 7 9 10 12 22 25 26 35 37 38 39 40 42 43 44 45 46 47 51 54 58 59 64 65 66 67 72 74 75 82 84 85 86 92 94 96 97 98 100
72 3 7 14 15 16 21 25 29 30 31 35 36 39 46 47 51 54 55 56 57 63 64 65 67 68 69 70 71 74 75 77 79 81 83 87 88 89 90 91 92 94 99
73 3 4 5 7 11 12 15 21 26 32 33 36 38 40 42 44 46 48 55 60 64 65 66 69 74 76 77 81 82 84 86 91 94 96 99 100
74 8 10 12 16 17 18 19 23 28 29 31 33 34 36 39 40 41 42 43 46 47 49 53 54 58 60 62 63 64 65 69 71 72 73 75 76 81 87 90 91 94 97 99 100
75 2 6 9 14 16 19 20 21 26 27 30 31 32 33 35 44 46 48 49 52 53 54 55 56 61 63 65 68 71 72 74 77 79 81 83 87 91 98 99 100
76 1 2 3 4 6 9 11 14 15 17 18 20 21 22 25 28 29 32 39 43 44 48 49 51 52 57 58 59 61 62 67 69 70 73 74 78 80 83 84 85 89 92 95
77 1 3 4 6 10 13 14 15 17 19 21 23 24 27 28 31 40 42 44 45 49 50 54 55 56 57 64 67 72 73 75 78 81 84 86 87 88 89 90 91 92 94 98
78 1 2 3 6 7 10 18 19 20 21 23 25 26 29 31 34 37 38 39 44 45 50 53 60 61 64 65 67 68 70 76 77 81 84 85 87 88 89 90 93 98 100
79 4 5 6 11 13 20 27 28 29 31 34 35 37 40 41 43 44 46 51 57 58 61 62 64 66 67 69 70 72 75 80 82 83 86 94 98 99
80 1 2 8 10 11 12 18 19 22 24 27 32 38 40 41 42 43 47 49 50 51 53 54 58 61 63 66 67 68 76 79 81 86 88 90 93 94 100
81 5 6 7 9 14 15 18 26 27 28 38 39 40 41 42 43 44 48 49 50 53 57 61 62 66 70 72 73 74 75 77 78 80 83 84 87 95 97 99
82 1 6 9 10 12 17 19 21 24 30 31 32 34 37 38 40 42 43 47 48 57 58 60 65 71 73 79 85 86 87 88 89
83 6 8 9 13 14 15 16 18 19 20 23 24 25 26 30 33 40 42 44 45 50 56 57 61 64 67 68 70 72 75 76 79 81 84 85 90 95 99 100
84 3 4 5 15 17 19 22 32 33 34 36 38 40 46 47 48 49 53 57 64 66 71 73 76 77 78 81 83 85 88 90 91 98 99
85 2 3 12 14 15 17 18 24 31 32 33 35 36 40 41 42 47 49 52 55 56 58 62 64 66 67 68 69 70 71 76 78 82 83 84 89 90 92 95 96 98 100
86 1 6 8 9 13 16 19 20 24 27 28 29 30 31 32 34 35 38 39 40 43 49 51 52 54 57 61 62 65 67 71 73 77 79 80 82 87 88 90 94 95 96 97 98
87 3 5 7 8 13 15 17 18 20 29 30 32 33 38 45 48 53 55 56 57 59 60 62 70 72 74 75 77 78 81 82 86 89 90 91 97 98 99
88 1 4 5 7 8 9 13 15 17 20 22 23 25 28 30 31 32 39 41 42 43 44 50 52 53 55 64 65 72 77 78 80 82 84 86 89 95 98 99
89 3 4 8 10 11 12 13 14 15 16 22 23 24 25 28 29 32 35 36 40 41 45 46 50 58 59 62 63 64 65 67 70 72 76 77 78 82 85 87 88 91 92 93 94 98 100
90 1 10 12 16 17 18 19 28 33 34 37 42 44 49 50 53 58 60 64 65 70 72 74 77 78 80 83 84 85 86 87 93 95 96 97 98 99 100
91 5 7 8 11 12 13 19 21 23 29 33 34 35 36 37 40 41 43 50 53 56 58 64 65 66 68 69 72 73 74 75 77 84 87 89 93 95 96 99 100
92 2 5 10 11 15 16 19 21 26 28 29 31 32 33 34 39 44 45 51 55 56 58 59 69 71 72 76 77 85 89 96
93 8 12 15 27 32 33 34 35 36 37 39 40 44 45 47 52 56 58 59 61 62 67 69 70 78 80 89 90 91 98
94 3 8 9 10 11 14 20 23 25 28 29 31 35 36 37 42 46 47 50 51 55 59 61 62 67 68 69 71 72 73 74 77 79 80 86 89 95 98 99
95 2 5 6 8 9 10 11 16 17 18 19 22 27 30 31 33 36 42 45 46 48 49 50 51 52 56 58 60 61 64 66 76 81 83 85 86 88 90 91 94 97 98 100
96 1 2 3 5 7 9 10 11 14 17 18 19 21 23 25 27 32 37 39 41 43 45 50 52 59 60 61 63 64 65 68 71 73 85 86 90 91 92 98
97 1 2 3 4 12 15 18 19 20 21 22 23 24 25 26 28 31 34 36 38 39 41 46 48 49 54 66 69 70 71 74 81 86 87 90 95 98 100
98 2 7 8 9 10 11 16 23 26 28 30 31 34 35 36 37 39 45 46 48 53 61 64 66 69 70 71 75 77 78 79 84 85 86 87 88 89 90 93 94 95 96 97
99 1 2 5 11 12 13 15 19 22 25 27 31 34 35 36 39 42 44 46 48 49 50 51 58 59 61 62 64 67 69 72 73 74 75 79 81 83 84 87 88 90 91 94 100
100 2 7 8 13 18 22 24 26 28 30 33 35 36 39 41 43 45 46 47 53 55 56 57 58 61 62 64 65 67 68 69 71 73 74 75 78 80 83 85 89 90 91 95 97 99
